epoch:1 0.21331953997252312
epoch:2 0.2713624650786766
